-6.29551674920661863410
-6.47010132349842059796
-7.93451346388226319561
-7.76056015675882537863
-10.62878161340387705991
-11.37599601523409731385
-11.69703244372547068508
-11.77908300093729465630
-4.87499773236170863555
-5.09732462376936190651
-4.75503841728272913514
-4.67165680834367869068
-4.65601965895776181981
-4.56504788075203560282
-4.26070692231361558555
-4.22914045634578172894
-6.93099875115485097865
-7.05337346427840738983
-6.32391147272683618041
-6.39331200830422741177
-2.93619543079297917743
-3.02171760423114088567
-2.51446980181303425539
-2.61625249612297672286
-6.03682466392816330369
-6.14533635559102364709
-6.01035252988618573511
-6.00745397713217421654
1.99605993274078485911
1.99605993274078485911
1.98787434815434549407
2.01223279198638582699
-5.68322166527576833062
-8.90078256556265934307
-8.60785801714602882839
-8.63367871676777198786
-10.22582591690113851257
-11.86847250033189204999
-11.97527705956195198667
-12.24576673147335981184
-5.20495528796172735042
-4.76085238714814895644
-4.79044034433364540604
-4.79344786539760026045
-5.29441632474629919614
-4.12462775761029476485
-4.11198536419511828655
-3.92049325542895532593
-7.48279181340906518471
-6.58300008091494515128
-6.41338990284075638471
-6.76939647201917260588
-3.57821326483031976196
-2.55843292523415044570
-2.45701274678824699294
-2.50910785867164864982
-6.21587289537714848819
-5.98739599808757549937
-5.94844809901319315770
-5.97331125820583697106
1.91692261218206105866
2.02287119019144157051
1.98787434815434549407
2.02022218201986492048
-5.96043243786025378483
-6.91026559050301614207
-9.76397480029432962567
-9.16039110359624864088
-7.78609345876398961650
-11.90310682079880422179
-5.46641393241064399433
-11.93263916836382065867
-8.85581673757996234997
-9.05537136149769317228
-10.43153440639324536221
-11.08119647501345284013
-12.00460467465647163010
-12.27263974972445659262
-12.24576673147335981184
-11.15730681426926729216
-10.05954522748147184075
-12.04406351139701847330
-12.26875624969805933517
-12.30025491675742976838
-6.45386206476692159129
-4.80862266341683586290
-4.79646445893702644270
-4.88815581693921963335
-4.96022816498034302413
-4.82093051109143289068
-5.33072467525076110206
-4.82093051109143289068
-4.89147256956521392368
-4.82403128876968079197
-7.19701577539680581452
-4.47803650376240547359
-4.12462775761029476485
-4.07498977651852278825
-4.08962418403696048586
-4.58904903285157850235
-5.71516151540524219854
-4.14519403519177132011
-4.07984415498332175787
-3.94996907356190884997
-8.86545640647837629444
-6.83141404572541421913
-6.66381326400990747771
-6.70055208965566517776
-6.98754140142854573980
-6.63809473472191857724
-7.75245538035816750266
-6.65781924006969738628
-6.70471876235051134074
-6.85297176680039399344
-8.86545640647837629444
-6.83141404572541421913
-6.66381326400990747771
-6.70055208965566517776
-6.98754140142854573980
-2.77737184526632807646
-4.03891450141374175331
-2.60441803847597386223
-2.41720649638782747459
-2.52528071791724961770
-6.89310462063119366860
-5.93624455773246406665
-5.95392006889118619029
-5.95529275270315849866
-6.06862143801016173938
-6.15200304694921307203
-6.25959570639097950817
-6.02940072485688016712
-5.92952861576702705548
-6.01180496296650090926
1.82293508669650483611
1.99333884262642424545
2.02419306744935756370
1.98650354602056689046
1.98924327376168719184
1.93874165957670085980
1.97129938306013285931
2.02419306744935756370
1.97962120639762506613
2.00955541421566952209
0.17846793360089205360
0.00000000000000000002
0.00000000000000000000
0.33795334803083842967
0.08927612478000823693
0.39221142961859273290
0.00000245986731470818
0.00208116929528540150
0.00000000000000000002
0.00000753472299181487
0.00000000008407672529
0.00000000000000000000
0.01290000000000000001
0.03359999999999999792
0.05600000000000000117
0.09049999999999999711
0.07240000000000000602
0.11382699999999999763
0.12848599999999998911
0.14228599999999999581
0.15608500000000000152
0.16902300000000000657
0.17937400000000000566
0.18715200000000001279
0.18631600000000000938
0.18461099999999999732
0.18462700000000001332
0.19757099999999999662
0.19241099999999999870
0.19331799999999998985
0.18471899999999999431
0.17956900000000000639
0.27009499999999997399
0.31492599999999998373
0.33045000000000002149
0.34081099999999997507
0.35290899999999997272
0.36586600000000002453
0.38229299999999999393
0.39440399999999997682
0.40479399999999998716
0.41173799999999999288
0.42127599999999998381
0.42994399999999999284
0.43172599999999999865
0.43351099999999997969
0.43614799999999998015
0.44222400000000000597
0.44744200000000000639
0.45265899999999997805
0.45699800000000001532
0.45961000000000001853
0.12513699999999999823
0.11566600000000000492
0.10964799999999999547
0.10708099999999999563
0.10622800000000000298
0.41745100000000001650
0.42952899999999999414
0.43815300000000001468
0.44334499999999998909
0.44940200000000002367
0.45632400000000000739
0.46410800000000002052
0.47017199999999997884
0.47536699999999998401
0.48230200000000000848
0.49010199999999998210
0.50051100000000003920
0.50831400000000004358
0.51264399999999998858
0.51697700000000001985
0.52045699999999994745
0.52393999999999996131
0.52827000000000001734
0.53517599999999998506
0.53865700000000005243
0.54386699999999998933
0.54820699999999999985
0.53528500000000001080
0.53357299999999996398
0.54393800000000003259
0.55170300000000005447
0.55432700000000001417
0.55781400000000003203
0.56302200000000002245
0.56823299999999998811
0.57345299999999999052
0.57952899999999996083
0.58388700000000004486
0.58996700000000001918
0.59433100000000005370
0.59869300000000003070
0.60304500000000005322
0.60740300000000002623
0.61175500000000004874
0.61523200000000000109
0.60575599999999996115
0.61268699999999998163
0.60837699999999994560
0.61960300000000001486
0.62566999999999994841
0.62916000000000005254
0.63438300000000003021
0.63873800000000002797
0.64394899999999999363
0.64742900000000003224
0.65176500000000003876
0.65612000000000003652
0.66046300000000002228
0.66220900000000004759
0.66569599999999995443
0.67176599999999997426
0.67611100000000001753
0.67700499999999996792
0.68221299999999995833
0.68570299999999995144
0.69005799999999994920
0.69441299999999994697
0.69963399999999997814
0.69448699999999996546
0.68673700000000004184
0.69021399999999999419
0.69368499999999999606
0.69111800000000001010
0.70922499999999999432
0.70321599999999995223
0.70497200000000004305
0.70846200000000003616
0.71365400000000001057
0.72314599999999995550
0.72230899999999997885
0.72664899999999998936
0.73097800000000001663
0.73445899999999997299
0.72238899999999994783
0.72415499999999999314
0.72677999999999998160
0.72851999999999994539
0.73801200000000000134
0.72768299999999996874
0.73029200000000005222
0.73977800000000004665
0.74324500000000004452
0.73462799999999994771
0.74584399999999995146
0.74759100000000000552
0.73897999999999997023
0.73900799999999999823
0.76145099999999998897
0.74334800000000000875
0.76841499999999995918
0.75117699999999998361
0.75032100000000001572
0.76239999999999996660
0.76501099999999999657
0.76936000000000004384
0.77198500000000003229
0.77375700000000002809
0.77810599999999996434
0.78245799999999998686
0.77557699999999996088
0.78163099999999996470
0.78767500000000001403
0.79115800000000002790
0.79377600000000003710
0.79552299999999998015
0.79295599999999999419
0.79642699999999999605
0.79990399999999994840
0.80251899999999998236
0.80513699999999999157
0.80774900000000005029
0.80431900000000000617
0.80433500000000002217
