   -4.21227028574707151876
   -3.92553171479698370661
   -3.68118597026776184222
   -3.52412050699854351166
   -8.55299998653643100965
   -8.26629167363158856574
   -8.02196974468975909645
   -7.86491669707513008092
   -4.43072974803572705582
   -4.14147297748736065159
   -3.89543180775645847547
   -3.73731224612617785041
   -4.67010538644584904944
   -4.37975631513184726629
   -4.13302639812414440712
   -3.97499809488731203899
   -7.71166950299642106614
   -7.47063276718811053456
   -7.26312360380619104205
   -7.12551601839461046239
   -4.48023375672383128432
   -4.28801855186922509233
   -4.11057715170906945445
   -3.99052601119591177081
   -3.38922349096000141699
   -3.11737055711172139638
   -2.88303034440848016118
   -2.73167931452759971123
   2.40859520057661313786
   2.41820138821789942796
   2.42639682394908318130
   2.43182848677285834427
   -1.75356202285217976922
   -1.27956097236872134992
   -0.96906464948982573571
   -0.81978357063918860792
   -14.63076016968470227653
   -14.63446226154860418944
   -14.65116234104561776519
   -14.69315586500415982130
   -3.43833263529281074611
   -3.48358427658476932365
   -3.55491767628489041542
   -3.56748701580237614905
   -6.35141303651831012900
   -6.39742977983474236936
   -6.46872951177582233839
   -6.48204286073689672776
   -30.28385081244347176721
   -29.53855254416870579348
   -28.89795369509301536937
   -28.51441089749047108626
   -4.90559758707440352055
   -4.42864223731747497226
   -4.11377707859164765125
   -3.95926874035196219026
   0.32246534621981770563
   0.79314800067289970009
   1.09764432334487005427
   1.24045969710487180571
   1.60508569974887183029
   1.60755060216140677198
   1.61309477240169218959
   1.61289972381177237892
   -3.27785558554423106514
   -2.96988288910104492047
   -2.63004627954791869726
   -2.36499452372783247611
   -2.20740996064957517575
   -3.27785558554423106514
   -2.96988288910104492047
   -2.63004627954791869726
   -2.36499452372783247611
   -2.20740996064957517575
   -12.63252900880984519461
   -12.62936165701146862261
   -12.62338480642201865578
   -12.61736241535321134677
   -12.61235970900745151368
   -12.63252900880984519461
   -12.62936165701146862261
   -12.62338480642201865578
   -12.61736241535321134677
   -12.61235970900745151368
   -3.42454611513844309201
   -3.47522717106601630732
   -3.57649870002817094061
   -3.70377822169283632547
   -3.82961629666462011201
   -3.42454611513844309201
   -3.47522717106601630732
   -3.57649870002817094061
   -3.70377822169283632547
   -3.82961629666462011201
   -6.34340547449450831152
   -6.38839676181707094571
   -6.48655415126663381642
   -6.61078832992381926204
   -6.73366037850395748876
   -6.34340547449450831152
   -6.38839676181707094571
   -6.48655415126663381642
   -6.61078832992381926204
   -6.73366037850395748876
   -30.73378041660624404585
   -30.08143071819586467086
   -29.31142464442948281089
   -28.66008905978902276956
   -28.23043885865136815028
   -30.73378041660624404585
   -30.08143071819586467086
   -29.31142464442948281089
   -28.66008905978902276956
   -28.23043885865136815028
   -6.35900931090221810393
   -6.06239732378795892487
   -5.72850431042126650993
   -5.46309862241688559692
   -5.30287018171705337721
   -6.35900931090221810393
   -6.06239732378795892487
   -5.72850431042126650993
   -5.46309862241688559692
   -5.30287018171705337721
   -1.20379322661054621868
   -0.89479906067025927197
   -0.55438868507294680743
   -0.28930586371486555208
   -0.13200099748037791292
   -1.20379322661054621868
   -0.89479906067025927197
   -0.55438868507294680743
   -0.28930586371486555208
   -0.13200099748037791292
   1.60772931373124339238
   1.61343220065131709440
   1.62533585415318038159
   1.64016904755865766674
   1.65473646356786097122
   1.60772931373124339238
   1.61343220065131709440
   1.62533585415318038159
   1.64016904755865766674
   1.65473646356786097122
   0.21552470415676153181
   0.22133903320157977124
   0.23423271014008928415
   0.24531611406129924524
   0.24578157655093443856
   0.25415403668267155801
   0.26101349447722638208
   0.26477004103147228076
   0.26737639786192002322
   0.26973416722321669203
   0.27207896823042754253
   0.20428518540251477953
   0.20245679893138726624
   0.20382731909955573157
   0.20395056615211509810
   0.20429707104928046535
   0.20600849642036134224
   0.20364593065031910690
   0.20472865590588992801
   0.28694511603606126515
   0.28901554075855689918
   0.28933560310198519483
   0.28974023553737476844
   0.29012220955059991878
   0.29066928491222987496
   0.29355285165885020016
   0.29059705981144395848
   0.29298136782411043910
   0.29459236769795543731
   0.29184830837603348286
   0.29230120545553039957
   0.28628669219652996825
   0.28081807800789509999
   0.27856076313286254331
   0.27829740620678772300
   0.28185219434854202891
   0.28191264794895876111
   0.28062941452308703960
   0.28077672934420144779
   -0.01872616665192159552
   -0.03432797552444650374
   -0.03639705852664639613
   -0.03775700801651399319
   -0.03847480410532048284
   -0.03883466989823666782
   -0.03900572544645673073
   0.24681041401716077854
   0.24825717253436774268
   0.25327981283058076389
   0.25603086757597998124
   0.25683679607237835940
   0.25846026935682303582
   0.25975183532997742075
   0.26136643000217230082
   0.26606969398353202960
   0.26665199806391692849
   0.26581372542755277166
   0.25842226930076805935
   0.25753236759179848336
   0.25644988223447634512
   0.25563829097319151762
   0.25411890939731202055
   0.25318802537279366804
   0.25286700562298386474
   0.25150657009194327118
   0.25117652630295161931
   0.25064906888923876860
   0.25143636015988163335
   0.25174254381109129053
   0.25360305572678287778
   0.25521277790489715898
   0.25696816400308364337
   0.25020793633314153404
   0.24987748782173799245
   0.24912814274922420732
   0.24877405131780758185
   0.24839377930071449008
   0.24722321098107863380
   0.24603358229441574245
   0.24444119600535535453
   0.24298997864684410142
   0.24202712186696845320
   0.24067408451190533403
   0.23979492125373613742
   0.23365444834246806849
   0.23377370547949724577
   0.23500092929788340967
   0.23500253250195191068
   0.23561469721333749838
   0.23855429547473316898
   0.23955587946488554607
   0.23977875597180889344
   0.23953912381913328167
   0.23912723899911633718
   0.23877645212767148464
   0.23825720223626420391
   0.23890429634353776978
   0.23851081439966742570
   0.23814033703922868335
   0.23758631450922396144
   0.23105891507863032808
   0.23035185037349878434
   0.22984279064188278818
   0.22898065015216761964
   0.22801577044970658403
   0.22715011067749479867
   0.22635111318783260326
   0.22552248950543227202
   0.22504507035276943849
   0.22495751908151240261
   0.21425614760651634505
   0.21362030828877498490
   0.21324951057808777533
   0.21332171250480949642
   0.21263992646046112056
   0.21249367861987553119
   0.21307065659665599955
   0.21383588509495154995
   0.21441424594717922725
   0.21516498763541350159
   0.21725143253961418099
   0.21776077217878572756
   0.21825161463463063627
   0.21825404316609597899
   0.21848689162186410440
   0.21358689997051094611
   0.21348305695593755571
   0.21341066525094834483
   0.21328106013800338103
   0.21310308214732121002
   0.21310989858284756782
   0.21291071503383707242
   0.21289169390784434821
   0.21276142389871793847
   0.21253291128172419056
   0.21245227617705467194
   0.21215025259420638992
   0.21202175308065182580
   0.21201452185636185388
   0.21210958198091200977
   0.21210432541588819522
   0.21209171903670395731
   0.21205239187724470029
   0.21190859214267568356
   0.20848618358444398480
   0.20794281678782305933
   0.20736121500769097437
   0.20689945799184286668
   0.20635667283717684661
   0.20614744548443078576
   0.20589430816314804873
   0.20578917095287407868
   0.20544818655871377455
   0.20515393449324700881
   0.20470304618171336619
   0.19876901676042632583
   0.19818355371113346997
   0.19776266545085219306
   0.19733158525784103010
   0.19690068830128507060
   0.19660094665417268689
   0.19633872307342414842
   0.19615520179912376841
